1.000000e+00	-8.524475e+00
2.000000e+00	-8.522095e+00
3.000000e+00	-8.522308e+00
4.000000e+00	-8.525090e+00
5.000000e+00	-8.530420e+00
6.000000e+00	-8.538280e+00
7.000000e+00	-8.548654e+00
8.000000e+00	-8.561528e+00
9.000000e+00	-8.576893e+00
1.000000e+01	-8.594739e+00
1.100000e+01	-8.615062e+00
1.200000e+01	-8.637857e+00
1.300000e+01	-8.663125e+00
1.400000e+01	-8.690865e+00
1.500000e+01	-8.721082e+00
1.600000e+01	-8.753782e+00
1.700000e+01	-8.788974e+00
1.800000e+01	-8.826668e+00
1.900000e+01	-8.866877e+00
2.000000e+01	-8.909619e+00
2.100000e+01	-8.954911e+00
2.200000e+01	-9.002775e+00
2.300000e+01	-9.053236e+00
2.400000e+01	-9.106321e+00
2.500000e+01	-9.162060e+00
2.600000e+01	-9.220487e+00
2.700000e+01	-9.281639e+00
2.800000e+01	-9.345557e+00
2.900000e+01	-9.412285e+00
3.000000e+01	-9.481873e+00
3.100000e+01	-9.554374e+00
3.200000e+01	-9.629844e+00
3.300000e+01	-9.708346e+00
3.400000e+01	-9.789948e+00
3.500000e+01	-9.874723e+00
3.600000e+01	-9.962750e+00
3.700000e+01	-1.005411e+01
3.800000e+01	-1.014891e+01
3.900000e+01	-1.024723e+01
4.000000e+01	-1.034918e+01
4.100000e+01	-1.045489e+01
4.200000e+01	-1.056447e+01
4.300000e+01	-1.067805e+01
4.400000e+01	-1.079579e+01
4.500000e+01	-1.091783e+01
4.600000e+01	-1.104433e+01
4.700000e+01	-1.117548e+01
4.800000e+01	-1.131147e+01
4.900000e+01	-1.145251e+01
5.000000e+01	-1.159880e+01
5.100000e+01	-1.175060e+01
5.200000e+01	-1.190814e+01
5.300000e+01	-1.207172e+01
5.400000e+01	-1.224162e+01
5.500000e+01	-1.241814e+01
5.600000e+01	-1.260165e+01
5.700000e+01	-1.279249e+01
5.800000e+01	-1.299105e+01
5.900000e+01	-1.319776e+01
6.000000e+01	-1.341305e+01
6.100000e+01	-1.363743e+01
6.200000e+01	-1.387139e+01
6.300000e+01	-1.411550e+01
6.400000e+01	-1.437036e+01
6.500000e+01	-1.463660e+01
6.600000e+01	-1.491491e+01
6.700000e+01	-1.520602e+01
6.800000e+01	-1.551074e+01
6.900000e+01	-1.582990e+01
7.000000e+01	-1.616442e+01
7.100000e+01	-1.651528e+01
7.200000e+01	-1.688353e+01
7.300000e+01	-1.727030e+01
7.400000e+01	-1.767679e+01
7.500000e+01	-1.810431e+01
7.600000e+01	-1.855425e+01
7.700000e+01	-1.902810e+01
7.800000e+01	-1.952747e+01
7.900000e+01	-2.005409e+01
8.000000e+01	-2.060980e+01
8.100000e+01	-2.119659e+01
8.200000e+01	-2.181659e+01
8.300000e+01	-2.247210e+01
8.400000e+01	-2.316555e+01
8.500000e+01	-2.389959e+01
8.600000e+01	-2.467705e+01
8.700000e+01	-2.550097e+01
8.800000e+01	-2.632380e+01
8.900000e+01	-2.714556e+01
9.000000e+01	-2.796625e+01
9.100000e+01	-2.878587e+01
9.200000e+01	-2.960444e+01
9.300000e+01	-3.042195e+01
9.400000e+01	-3.123842e+01
9.500000e+01	-3.205384e+01
9.600000e+01	-3.286822e+01
9.700000e+01	-3.368157e+01
9.800000e+01	-3.449389e+01
9.900000e+01	-3.530519e+01
1.000000e+02	-3.611547e+01
1.010000e+02	-3.692474e+01
1.020000e+02	-3.773300e+01
1.030000e+02	-3.854025e+01
1.040000e+02	-3.934651e+01
1.050000e+02	-4.015178e+01
1.060000e+02	-4.095605e+01
1.070000e+02	-4.175935e+01
1.080000e+02	-4.256166e+01
1.090000e+02	-4.336301e+01
1.100000e+02	-4.416338e+01
1.110000e+02	-4.496279e+01
1.120000e+02	-4.576124e+01
1.130000e+02	-4.655874e+01
1.140000e+02	-4.735529e+01
1.150000e+02	-4.815090e+01
1.160000e+02	-4.894557e+01
1.170000e+02	-4.973930e+01
1.180000e+02	-5.053210e+01
1.190000e+02	-5.132399e+01
1.200000e+02	-5.211495e+01
1.210000e+02	-5.290499e+01
1.220000e+02	-5.369413e+01
1.230000e+02	-5.448236e+01
1.240000e+02	-5.526970e+01
1.250000e+02	-5.605614e+01
1.260000e+02	-5.684168e+01
1.270000e+02	-5.762635e+01
1.280000e+02	-5.841013e+01
1.290000e+02	-5.919303e+01
1.300000e+02	-5.997507e+01
1.310000e+02	-6.075624e+01
1.320000e+02	-6.153655e+01
1.330000e+02	-6.231600e+01
1.340000e+02	-6.309460e+01
1.350000e+02	-6.387235e+01
1.360000e+02	-6.464926e+01
1.370000e+02	-6.542533e+01
1.380000e+02	-6.620057e+01
1.390000e+02	-6.697498e+01
1.400000e+02	-6.774856e+01
1.410000e+02	-6.852133e+01
1.420000e+02	-6.929328e+01
1.430000e+02	-7.006443e+01
1.440000e+02	-7.083477e+01
1.450000e+02	-7.160431e+01
1.460000e+02	-7.237305e+01
1.470000e+02	-7.314100e+01
1.480000e+02	-7.390817e+01
1.490000e+02	-7.467455e+01
1.500000e+02	-7.544016e+01
1.510000e+02	-7.620500e+01
1.520000e+02	-7.696907e+01
1.530000e+02	-7.773237e+01
1.540000e+02	-7.849492e+01
1.550000e+02	-7.925671e+01
1.560000e+02	-8.001776e+01
1.570000e+02	-8.077805e+01
1.580000e+02	-8.153761e+01
1.590000e+02	-8.229644e+01
1.600000e+02	-8.305453e+01
1.610000e+02	-8.381189e+01
1.620000e+02	-8.456854e+01
1.630000e+02	-8.532446e+01
1.640000e+02	-8.607968e+01
1.650000e+02	-8.683418e+01
1.660000e+02	-8.758798e+01
1.670000e+02	-8.834108e+01
1.680000e+02	-8.909349e+01
1.690000e+02	-8.984521e+01
1.700000e+02	-9.059624e+01
1.710000e+02	-9.134659e+01
1.720000e+02	-9.209626e+01
1.730000e+02	-9.284526e+01
1.740000e+02	-9.359359e+01
1.750000e+02	-9.434126e+01
1.760000e+02	-9.508826e+01
1.770000e+02	-9.583462e+01
1.780000e+02	-9.658032e+01
1.790000e+02	-9.732538e+01
1.800000e+02	-9.806979e+01
1.810000e+02	-9.881357e+01
1.820000e+02	-9.955672e+01
1.830000e+02	-1.002992e+02
1.840000e+02	-1.010411e+02
1.850000e+02	-1.017824e+02
1.860000e+02	-1.025231e+02
1.870000e+02	-1.032631e+02
1.880000e+02	-1.040026e+02
1.890000e+02	-1.047414e+02
1.900000e+02	-1.054796e+02
1.910000e+02	-1.062173e+02
1.920000e+02	-1.069543e+02
1.930000e+02	-1.076908e+02
1.940000e+02	-1.084267e+02
1.950000e+02	-1.091620e+02
1.960000e+02	-1.098968e+02
1.970000e+02	-1.106309e+02
1.980000e+02	-1.113646e+02
1.990000e+02	-1.120976e+02
2.000000e+02	-1.128301e+02
2.010000e+02	-1.135621e+02
2.020000e+02	-1.142935e+02
2.030000e+02	-1.150243e+02
2.040000e+02	-1.157546e+02
2.050000e+02	-1.164844e+02
2.060000e+02	-1.172137e+02
2.070000e+02	-1.179424e+02
2.080000e+02	-1.186706e+02
2.090000e+02	-1.193983e+02
2.100000e+02	-1.201255e+02
2.110000e+02	-1.208522e+02
2.120000e+02	-1.215783e+02
2.130000e+02	-1.223040e+02
2.140000e+02	-1.230292e+02
2.150000e+02	-1.237539e+02
2.160000e+02	-1.244781e+02
2.170000e+02	-1.252018e+02
2.180000e+02	-1.259250e+02
2.190000e+02	-1.266478e+02
2.200000e+02	-1.273700e+02
2.210000e+02	-1.280919e+02
2.220000e+02	-1.288132e+02
2.230000e+02	-1.295341e+02
2.240000e+02	-1.302545e+02
2.250000e+02	-1.309745e+02
2.260000e+02	-1.316941e+02
2.270000e+02	-1.324132e+02
2.280000e+02	-1.331318e+02
2.290000e+02	-1.338501e+02
2.300000e+02	-1.345679e+02
2.310000e+02	-1.352852e+02
2.320000e+02	-1.360022e+02
2.330000e+02	-1.367187e+02
2.340000e+02	-1.374348e+02
2.350000e+02	-1.381505e+02
2.360000e+02	-1.388658e+02
2.370000e+02	-1.395807e+02
2.380000e+02	-1.402952e+02
2.390000e+02	-1.410093e+02
2.400000e+02	-1.417230e+02
2.410000e+02	-1.424364e+02
2.420000e+02	-1.431493e+02
2.430000e+02	-1.438619e+02
2.440000e+02	-1.445741e+02
2.450000e+02	-1.452859e+02
2.460000e+02	-1.459973e+02
2.470000e+02	-1.467084e+02
2.480000e+02	-1.474192e+02
2.490000e+02	-1.481295e+02
2.500000e+02	-1.488396e+02
2.510000e+02	-1.495493e+02
2.520000e+02	-1.502586e+02
2.530000e+02	-1.509676e+02
2.540000e+02	-1.516763e+02
2.550000e+02	-1.523846e+02
2.560000e+02	-1.530926e+02
2.570000e+02	-1.538003e+02
2.580000e+02	-1.545076e+02
2.590000e+02	-1.552147e+02
2.600000e+02	-1.559214e+02
2.610000e+02	-1.566279e+02
2.620000e+02	-1.573340e+02
2.630000e+02	-1.580398e+02
2.640000e+02	-1.587453e+02
2.650000e+02	-1.594506e+02
2.660000e+02	-1.601555e+02
2.670000e+02	-1.608602e+02
2.680000e+02	-1.615645e+02
2.690000e+02	-1.622686e+02
2.700000e+02	-1.629725e+02
2.710000e+02	-1.636760e+02
2.720000e+02	-1.643793e+02
2.730000e+02	-1.650823e+02
2.740000e+02	-1.657851e+02
2.750000e+02	-1.664876e+02
2.760000e+02	-1.671899e+02
2.770000e+02	-1.678919e+02
2.780000e+02	-1.685937e+02
2.790000e+02	-1.692952e+02
2.800000e+02	-1.699965e+02
2.810000e+02	-1.706976e+02
2.820000e+02	-1.713984e+02
2.830000e+02	-1.720990e+02
2.840000e+02	-1.727994e+02
2.850000e+02	-1.734996e+02
2.860000e+02	-1.741995e+02
2.870000e+02	-1.748993e+02
2.880000e+02	-1.755988e+02
2.890000e+02	-1.762982e+02
2.900000e+02	-1.769973e+02
2.910000e+02	-1.776962e+02
2.920000e+02	-1.783950e+02
2.930000e+02	-1.790936e+02
2.940000e+02	-1.797919e+02
2.950000e+02	-1.804901e+02
2.960000e+02	-1.811881e+02
2.970000e+02	-1.818860e+02
2.980000e+02	-1.825837e+02
2.990000e+02	-1.832812e+02
3.000000e+02	-1.839785e+02
3.010000e+02	-1.846757e+02
3.020000e+02	-1.853727e+02
3.030000e+02	-1.860696e+02
3.040000e+02	-1.867664e+02
3.050000e+02	-1.874629e+02
3.060000e+02	-1.881594e+02
3.070000e+02	-1.888557e+02
3.080000e+02	-1.895519e+02
3.090000e+02	-1.902479e+02
3.100000e+02	-1.909438e+02
3.110000e+02	-1.916396e+02
3.120000e+02	-1.923353e+02
3.130000e+02	-1.930308e+02
3.140000e+02	-1.937263e+02
3.150000e+02	-1.944216e+02
3.160000e+02	-1.951168e+02
3.170000e+02	-1.958120e+02
3.180000e+02	-1.965070e+02
3.190000e+02	-1.972019e+02
3.200000e+02	-1.978968e+02
3.210000e+02	-1.985915e+02
3.220000e+02	-1.992862e+02
3.230000e+02	-1.999808e+02
3.240000e+02	-2.006753e+02
3.250000e+02	-2.013697e+02
3.260000e+02	-2.020640e+02
3.270000e+02	-2.027583e+02
3.280000e+02	-2.034526e+02
3.290000e+02	-2.041467e+02
3.300000e+02	-2.048408e+02
3.310000e+02	-2.055349e+02
3.320000e+02	-2.062289e+02
3.330000e+02	-2.069229e+02
3.340000e+02	-2.076168e+02
3.350000e+02	-2.083106e+02
3.360000e+02	-2.090045e+02
3.370000e+02	-2.096983e+02
3.380000e+02	-2.103920e+02
3.390000e+02	-2.110858e+02
3.400000e+02	-2.117795e+02
3.410000e+02	-2.124732e+02
3.420000e+02	-2.131669e+02
3.430000e+02	-2.138606e+02
3.440000e+02	-2.145542e+02
3.450000e+02	-2.152479e+02
3.460000e+02	-2.159415e+02
3.470000e+02	-2.166352e+02
3.480000e+02	-2.173288e+02
3.490000e+02	-2.180225e+02
3.500000e+02	-2.187162e+02
3.510000e+02	-2.194099e+02
3.520000e+02	-2.201036e+02
3.530000e+02	-2.207973e+02
3.540000e+02	-2.214910e+02
3.550000e+02	-2.221848e+02
3.560000e+02	-2.228786e+02
3.570000e+02	-2.235724e+02
3.580000e+02	-2.242663e+02
3.590000e+02	-2.249602e+02
3.600000e+02	-2.256542e+02
3.610000e+02	-2.263482e+02
3.620000e+02	-2.270422e+02
3.630000e+02	-2.277363e+02
3.640000e+02	-2.284305e+02
3.650000e+02	-2.291247e+02
3.660000e+02	-2.298190e+02
3.670000e+02	-2.305133e+02
3.680000e+02	-2.312077e+02
3.690000e+02	-2.319022e+02
3.700000e+02	-2.325968e+02
3.710000e+02	-2.332914e+02
3.720000e+02	-2.339861e+02
3.730000e+02	-2.346809e+02
3.740000e+02	-2.353758e+02
3.750000e+02	-2.360708e+02
3.760000e+02	-2.367659e+02
3.770000e+02	-2.374610e+02
3.780000e+02	-2.381563e+02
3.790000e+02	-2.388517e+02
3.800000e+02	-2.395472e+02
3.810000e+02	-2.402428e+02
3.820000e+02	-2.409385e+02
3.830000e+02	-2.416343e+02
3.840000e+02	-2.423303e+02
3.850000e+02	-2.430263e+02
3.860000e+02	-2.437225e+02
3.870000e+02	-2.444189e+02
3.880000e+02	-2.451153e+02
3.890000e+02	-2.458119e+02
3.900000e+02	-2.465086e+02
3.910000e+02	-2.472055e+02
3.920000e+02	-2.479025e+02
3.930000e+02	-2.485997e+02
3.940000e+02	-2.492970e+02
3.950000e+02	-2.499945e+02
3.960000e+02	-2.506921e+02
3.970000e+02	-2.513899e+02
3.980000e+02	-2.520878e+02
3.990000e+02	-2.527859e+02
4.000000e+02	-2.534842e+02
4.010000e+02	-2.541827e+02
4.020000e+02	-2.548813e+02
4.030000e+02	-2.555801e+02
4.040000e+02	-2.562791e+02
4.050000e+02	-2.569783e+02
4.060000e+02	-2.576776e+02
4.070000e+02	-2.583772e+02
4.080000e+02	-2.590769e+02
4.090000e+02	-2.597769e+02
4.100000e+02	-2.604770e+02
4.110000e+02	-2.611773e+02
4.120000e+02	-2.618779e+02
4.130000e+02	-2.625786e+02
4.140000e+02	-2.632796e+02
4.150000e+02	-2.639808e+02
4.160000e+02	-2.646822e+02
4.170000e+02	-2.653838e+02
4.180000e+02	-2.660856e+02
4.190000e+02	-2.667877e+02
4.200000e+02	-2.674900e+02
4.210000e+02	-2.681925e+02
4.220000e+02	-2.688953e+02
4.230000e+02	-2.695983e+02
4.240000e+02	-2.703015e+02
4.250000e+02	-2.710050e+02
4.260000e+02	-2.717088e+02
4.270000e+02	-2.724127e+02
4.280000e+02	-2.731170e+02
4.290000e+02	-2.738215e+02
4.300000e+02	-2.745262e+02
4.310000e+02	-2.752312e+02
4.320000e+02	-2.759365e+02
4.330000e+02	-2.766420e+02
4.340000e+02	-2.773478e+02
4.350000e+02	-2.780539e+02
4.360000e+02	-2.787603e+02
4.370000e+02	-2.794669e+02
4.380000e+02	-2.801738e+02
4.390000e+02	-2.808810e+02
4.400000e+02	-2.815885e+02
4.410000e+02	-2.822963e+02
4.420000e+02	-2.830044e+02
4.430000e+02	-2.837128e+02
4.440000e+02	-2.844214e+02
4.450000e+02	-2.851304e+02
4.460000e+02	-2.858397e+02
4.470000e+02	-2.865492e+02
4.480000e+02	-2.872591e+02
4.490000e+02	-2.879693e+02
4.500000e+02	-2.886798e+02
4.510000e+02	-2.893907e+02
4.520000e+02	-2.901018e+02
4.530000e+02	-2.908133e+02
4.540000e+02	-2.915251e+02
4.550000e+02	-2.922373e+02
4.560000e+02	-2.929497e+02
4.570000e+02	-2.936625e+02
4.580000e+02	-2.943757e+02
4.590000e+02	-2.950892e+02
4.600000e+02	-2.958030e+02
4.610000e+02	-2.965171e+02
4.620000e+02	-2.972317e+02
4.630000e+02	-2.979465e+02
4.640000e+02	-2.986618e+02
4.650000e+02	-2.993773e+02
4.660000e+02	-3.000933e+02
4.670000e+02	-3.008096e+02
4.680000e+02	-3.015263e+02
4.690000e+02	-3.022433e+02
4.700000e+02	-3.029607e+02
4.710000e+02	-3.036785e+02
4.720000e+02	-3.043966e+02
4.730000e+02	-3.051152e+02
4.740000e+02	-3.058341e+02
4.750000e+02	-3.065534e+02
4.760000e+02	-3.072731e+02
4.770000e+02	-3.079932e+02
4.780000e+02	-3.087136e+02
4.790000e+02	-3.094345e+02
4.800000e+02	-3.101557e+02
4.810000e+02	-3.108774e+02
4.820000e+02	-3.115995e+02
4.830000e+02	-3.123219e+02
4.840000e+02	-3.130448e+02
4.850000e+02	-3.137681e+02
4.860000e+02	-3.144918e+02
4.870000e+02	-3.152159e+02
4.880000e+02	-3.159405e+02
4.890000e+02	-3.166654e+02
4.900000e+02	-3.173908e+02
4.910000e+02	-3.181166e+02
4.920000e+02	-3.188429e+02
4.930000e+02	-3.195695e+02
4.940000e+02	-3.202966e+02
4.950000e+02	-3.210242e+02
4.960000e+02	-3.217522e+02
4.970000e+02	-3.224806e+02
4.980000e+02	-3.232095e+02
4.990000e+02	-3.239388e+02
5.000000e+02	-3.246685e+02
5.010000e+02	-3.253988e+02
5.020000e+02	-3.261294e+02
5.030000e+02	-3.268606e+02
5.040000e+02	-3.275922e+02
5.050000e+02	-3.283242e+02
5.060000e+02	-3.290567e+02
5.070000e+02	-3.297897e+02
5.080000e+02	-3.305232e+02
5.090000e+02	-3.312571e+02
5.100000e+02	-3.319915e+02
5.110000e+02	-3.327264e+02
5.120000e+02	-3.334618e+02
5.130000e+02	-3.341976e+02
5.140000e+02	-3.349340e+02
5.150000e+02	-3.356708e+02
5.160000e+02	-3.364081e+02
5.170000e+02	-3.371459e+02
5.180000e+02	-3.378842e+02
5.190000e+02	-3.386230e+02
5.200000e+02	-3.393623e+02
5.210000e+02	-3.401021e+02
5.220000e+02	-3.408424e+02
5.230000e+02	-3.415832e+02
5.240000e+02	-3.423246e+02
5.250000e+02	-3.430664e+02
5.260000e+02	-3.438088e+02
5.270000e+02	-3.445517e+02
5.280000e+02	-3.452951e+02
5.290000e+02	-3.460390e+02
5.300000e+02	-3.467834e+02
5.310000e+02	-3.475284e+02
5.320000e+02	-3.482739e+02
5.330000e+02	-3.490200e+02
5.340000e+02	-3.497665e+02
5.350000e+02	-3.505136e+02
5.360000e+02	-3.512613e+02
5.370000e+02	-3.520095e+02
5.380000e+02	-3.527582e+02
5.390000e+02	-3.535075e+02
5.400000e+02	-3.542574e+02
5.410000e+02	-3.550077e+02
5.420000e+02	-3.557587e+02
5.430000e+02	-3.565102e+02
5.440000e+02	-3.572623e+02
5.450000e+02	-3.580149e+02
5.460000e+02	-3.587681e+02
5.470000e+02	-3.595218e+02
5.480000e+02	-3.602761e+02
5.490000e+02	-3.610310e+02
5.500000e+02	-3.617865e+02
5.510000e+02	-3.625426e+02
5.520000e+02	-3.632992e+02
5.530000e+02	-3.640564e+02
5.540000e+02	-3.648142e+02
5.550000e+02	-3.655726e+02
5.560000e+02	-3.663315e+02
5.570000e+02	-3.670911e+02
5.580000e+02	-3.678512e+02
5.590000e+02	-3.686120e+02
5.600000e+02	-3.693733e+02
5.610000e+02	-3.701352e+02
5.620000e+02	-3.708978e+02
5.630000e+02	-3.716609e+02
5.640000e+02	-3.724247e+02
5.650000e+02	-3.731890e+02
5.660000e+02	-3.739540e+02
5.670000e+02	-3.747196e+02
5.680000e+02	-3.754858e+02
5.690000e+02	-3.762526e+02
5.700000e+02	-3.770201e+02
5.710000e+02	-3.777881e+02
5.720000e+02	-3.785568e+02
5.730000e+02	-3.793261e+02
5.740000e+02	-3.800961e+02
5.750000e+02	-3.808667e+02
5.760000e+02	-3.816379e+02
5.770000e+02	-3.824097e+02
5.780000e+02	-3.831822e+02
5.790000e+02	-3.839553e+02
5.800000e+02	-3.847291e+02
5.810000e+02	-3.855035e+02
5.820000e+02	-3.862786e+02
5.830000e+02	-3.870543e+02
5.840000e+02	-3.878307e+02
5.850000e+02	-3.886077e+02
5.860000e+02	-3.893854e+02
5.870000e+02	-3.901637e+02
5.880000e+02	-3.909427e+02
5.890000e+02	-3.917224e+02
5.900000e+02	-3.925027e+02
5.910000e+02	-3.932837e+02
5.920000e+02	-3.940654e+02
5.930000e+02	-3.948477e+02
5.940000e+02	-3.956308e+02
5.950000e+02	-3.964145e+02
5.960000e+02	-3.971988e+02
5.970000e+02	-3.979839e+02
5.980000e+02	-3.987696e+02
5.990000e+02	-3.995560e+02
6.000000e+02	-4.003432e+02
6.010000e+02	-4.011310e+02
6.020000e+02	-4.019195e+02
6.030000e+02	-4.027086e+02
6.040000e+02	-4.034985e+02
6.050000e+02	-4.042891e+02
6.060000e+02	-4.050804e+02
6.070000e+02	-4.058724e+02
6.080000e+02	-4.066651e+02
6.090000e+02	-4.074585e+02
6.100000e+02	-4.082526e+02
6.110000e+02	-4.090474e+02
6.120000e+02	-4.098429e+02
6.130000e+02	-4.106392e+02
6.140000e+02	-4.114362e+02
6.150000e+02	-4.122339e+02
6.160000e+02	-4.130323e+02
6.170000e+02	-4.138314e+02
6.180000e+02	-4.146313e+02
6.190000e+02	-4.154319e+02
6.200000e+02	-4.162332e+02
6.210000e+02	-4.170352e+02
6.220000e+02	-4.178380e+02
6.230000e+02	-4.186416e+02
6.240000e+02	-4.194458e+02
6.250000e+02	-4.202508e+02
6.260000e+02	-4.210566e+02
6.270000e+02	-4.218631e+02
6.280000e+02	-4.226703e+02
6.290000e+02	-4.234783e+02
6.300000e+02	-4.242871e+02
6.310000e+02	-4.250966e+02
6.320000e+02	-4.259068e+02
6.330000e+02	-4.267179e+02
6.340000e+02	-4.275296e+02
6.350000e+02	-4.283422e+02
6.360000e+02	-4.291555e+02
6.370000e+02	-4.299695e+02
6.380000e+02	-4.307844e+02
6.390000e+02	-4.316000e+02
6.400000e+02	-4.324164e+02
6.410000e+02	-4.332335e+02
6.420000e+02	-4.340515e+02
6.430000e+02	-4.348702e+02
6.440000e+02	-4.356897e+02
6.450000e+02	-4.365099e+02
6.460000e+02	-4.373310e+02
6.470000e+02	-4.381528e+02
6.480000e+02	-4.389755e+02
6.490000e+02	-4.397989e+02
6.500000e+02	-4.406231e+02
6.510000e+02	-4.414481e+02
6.520000e+02	-4.422739e+02
6.530000e+02	-4.431005e+02
6.540000e+02	-4.439279e+02
6.550000e+02	-4.447562e+02
6.560000e+02	-4.455852e+02
6.570000e+02	-4.464150e+02
6.580000e+02	-4.472456e+02
6.590000e+02	-4.480771e+02
6.600000e+02	-4.489093e+02
6.610000e+02	-4.497424e+02
6.620000e+02	-4.505763e+02
6.630000e+02	-4.514110e+02
6.640000e+02	-4.522465e+02
6.650000e+02	-4.530829e+02
6.660000e+02	-4.539200e+02
6.670000e+02	-4.547580e+02
6.680000e+02	-4.555969e+02
6.690000e+02	-4.564365e+02
6.700000e+02	-4.572770e+02
6.710000e+02	-4.581183e+02
6.720000e+02	-4.589605e+02
6.730000e+02	-4.598035e+02
6.740000e+02	-4.606473e+02
6.750000e+02	-4.614920e+02
6.760000e+02	-4.623375e+02
6.770000e+02	-4.631839e+02
6.780000e+02	-4.640311e+02
6.790000e+02	-4.648792e+02
6.800000e+02	-4.657281e+02
6.810000e+02	-4.665779e+02
6.820000e+02	-4.674285e+02
6.830000e+02	-4.682800e+02
6.840000e+02	-4.691323e+02
6.850000e+02	-4.699855e+02
6.860000e+02	-4.708396e+02
6.870000e+02	-4.716945e+02
6.880000e+02	-4.725504e+02
6.890000e+02	-4.734070e+02
6.900000e+02	-4.742646e+02
6.910000e+02	-4.751230e+02
6.920000e+02	-4.759823e+02
6.930000e+02	-4.768424e+02
6.940000e+02	-4.777035e+02
6.950000e+02	-4.785654e+02
6.960000e+02	-4.794282e+02
6.970000e+02	-4.802919e+02
6.980000e+02	-4.811565e+02
6.990000e+02	-4.820219e+02
7.000000e+02	-4.828883e+02
7.010000e+02	-4.837555e+02
7.020000e+02	-4.846236e+02
7.030000e+02	-4.854927e+02
7.040000e+02	-4.863626e+02
7.050000e+02	-4.872334e+02
7.060000e+02	-4.881051e+02
7.070000e+02	-4.889778e+02
7.080000e+02	-4.898513e+02
7.090000e+02	-4.907257e+02
7.100000e+02	-4.916011e+02
7.110000e+02	-4.924773e+02
7.120000e+02	-4.933545e+02
7.130000e+02	-4.942326e+02
7.140000e+02	-4.951116e+02
7.150000e+02	-4.959915e+02
7.160000e+02	-4.968723e+02
7.170000e+02	-4.977540e+02
7.180000e+02	-4.986367e+02
7.190000e+02	-4.995203e+02
7.200000e+02	-5.004048e+02
7.210000e+02	-5.012903e+02
7.220000e+02	-5.021766e+02
7.230000e+02	-5.030639e+02
7.240000e+02	-5.039522e+02
7.250000e+02	-5.048414e+02
7.260000e+02	-5.057315e+02
7.270000e+02	-5.066225e+02
7.280000e+02	-5.075145e+02
7.290000e+02	-5.084074e+02
7.300000e+02	-5.093013e+02
7.310000e+02	-5.101961e+02
7.320000e+02	-5.110919e+02
7.330000e+02	-5.119886e+02
7.340000e+02	-5.128863e+02
7.350000e+02	-5.137849e+02
7.360000e+02	-5.146845e+02
7.370000e+02	-5.155850e+02
7.380000e+02	-5.164865e+02
7.390000e+02	-5.173889e+02
7.400000e+02	-5.182923e+02
7.410000e+02	-5.191967e+02
7.420000e+02	-5.201020e+02
7.430000e+02	-5.210083e+02
7.440000e+02	-5.219156e+02
7.450000e+02	-5.228238e+02
7.460000e+02	-5.237330e+02
7.470000e+02	-5.246432e+02
7.480000e+02	-5.255543e+02
7.490000e+02	-5.264665e+02
7.500000e+02	-5.273796e+02
7.510000e+02	-5.282937e+02
7.520000e+02	-5.292087e+02
7.530000e+02	-5.301248e+02
7.540000e+02	-5.310418e+02
7.550000e+02	-5.319598e+02
7.560000e+02	-5.328788e+02
7.570000e+02	-5.337988e+02
7.580000e+02	-5.347198e+02
7.590000e+02	-5.356418e+02
7.600000e+02	-5.365648e+02
7.610000e+02	-5.374888e+02
7.620000e+02	-5.384138e+02
7.630000e+02	-5.393397e+02
7.640000e+02	-5.402667e+02
7.650000e+02	-5.411947e+02
7.660000e+02	-5.421237e+02
7.670000e+02	-5.430537e+02
7.680000e+02	-5.439847e+02
7.690000e+02	-5.449167e+02
7.700000e+02	-5.458497e+02
7.710000e+02	-5.467837e+02
7.720000e+02	-5.477188e+02
7.730000e+02	-5.486548e+02
7.740000e+02	-5.495919e+02
7.750000e+02	-5.505300e+02
7.760000e+02	-5.514692e+02
7.770000e+02	-5.524093e+02
7.780000e+02	-5.533505e+02
7.790000e+02	-5.542927e+02
7.800000e+02	-5.552359e+02
7.810000e+02	-5.561802e+02
7.820000e+02	-5.571254e+02
7.830000e+02	-5.580718e+02
7.840000e+02	-5.590191e+02
7.850000e+02	-5.599675e+02
7.860000e+02	-5.609169e+02
7.870000e+02	-5.618674e+02
7.880000e+02	-5.628189e+02
7.890000e+02	-5.637715e+02
7.900000e+02	-5.647250e+02
7.910000e+02	-5.656797e+02
7.920000e+02	-5.666354e+02
7.930000e+02	-5.675921e+02
7.940000e+02	-5.685499e+02
7.950000e+02	-5.695087e+02
7.960000e+02	-5.704686e+02
7.970000e+02	-5.714296e+02
7.980000e+02	-5.723916e+02
7.990000e+02	-5.733546e+02
8.000000e+02	-5.743187e+02
8.010000e+02	-5.752839e+02
8.020000e+02	-5.762502e+02
8.030000e+02	-5.772175e+02
8.040000e+02	-5.781858e+02
8.050000e+02	-5.791553e+02
8.060000e+02	-5.801258e+02
8.070000e+02	-5.810974e+02
8.080000e+02	-5.820700e+02
8.090000e+02	-5.830438e+02
8.100000e+02	-5.840186e+02
8.110000e+02	-5.849944e+02
8.120000e+02	-5.859714e+02
8.130000e+02	-5.869494e+02
8.140000e+02	-5.879286e+02
8.150000e+02	-5.889088e+02
8.160000e+02	-5.898900e+02
8.170000e+02	-5.908724e+02
8.180000e+02	-5.918559e+02
8.190000e+02	-5.928404e+02
8.200000e+02	-5.938261e+02
8.210000e+02	-5.948128e+02
8.220000e+02	-5.958006e+02
8.230000e+02	-5.967895e+02
8.240000e+02	-5.977796e+02
8.250000e+02	-5.987707e+02
8.260000e+02	-5.997629e+02
8.270000e+02	-6.007562e+02
8.280000e+02	-6.017506e+02
8.290000e+02	-6.027461e+02
8.300000e+02	-6.037428e+02
8.310000e+02	-6.047405e+02
8.320000e+02	-6.057393e+02
8.330000e+02	-6.067393e+02
8.340000e+02	-6.077404e+02
8.350000e+02	-6.087425e+02
8.360000e+02	-6.097458e+02
8.370000e+02	-6.107502e+02
8.380000e+02	-6.117558e+02
8.390000e+02	-6.127624e+02
8.400000e+02	-6.137702e+02
8.410000e+02	-6.147791e+02
8.420000e+02	-6.157891e+02
8.430000e+02	-6.168002e+02
8.440000e+02	-6.178125e+02
8.450000e+02	-6.188259e+02
8.460000e+02	-6.198404e+02
8.470000e+02	-6.208560e+02
8.480000e+02	-6.218728e+02
8.490000e+02	-6.228907e+02
8.500000e+02	-6.239098e+02
8.510000e+02	-6.249301e+02
8.520000e+02	-6.259519e+02
8.530000e+02	-6.269764e+02
8.540000e+02	-6.280079e+02
8.550000e+02	-6.290644e+02
8.560000e+02	-6.302175e+02
8.570000e+02	-6.317541e+02
8.580000e+02	-6.348242e+02
8.590000e+02	-6.440349e+02
8.600000e+02	-6.527359e+02
8.610000e+02	-6.609620e+02
8.620000e+02	-6.687460e+02
8.630000e+02	-6.761180e+02
8.640000e+02	-6.831064e+02
8.650000e+02	-6.897374e+02
8.660000e+02	-6.960357e+02
8.670000e+02	-7.020241e+02
8.680000e+02	-7.077239e+02
8.690000e+02	-7.131549e+02
8.700000e+02	-7.183356e+02
8.710000e+02	-7.232833e+02
8.720000e+02	-7.280140e+02
8.730000e+02	-7.325426e+02
8.740000e+02	-7.368831e+02
8.750000e+02	-7.410484e+02
8.760000e+02	-7.450508e+02
8.770000e+02	-7.489013e+02
8.780000e+02	-7.526105e+02
8.790000e+02	-7.561883e+02
8.800000e+02	-7.596437e+02
8.810000e+02	-7.629851e+02
8.820000e+02	-7.662206e+02
8.830000e+02	-7.693575e+02
8.840000e+02	-7.724026e+02
8.850000e+02	-7.753624e+02
8.860000e+02	-7.782428e+02
8.870000e+02	-7.810493e+02
8.880000e+02	-7.837872e+02
8.890000e+02	-7.864612e+02
8.900000e+02	-7.890759e+02
8.910000e+02	-7.916353e+02
8.920000e+02	-7.941435e+02
8.930000e+02	-7.966041e+02
8.940000e+02	-7.990204e+02
8.950000e+02	-8.013956e+02
8.960000e+02	-8.037325e+02
8.970000e+02	-8.060341e+02
8.980000e+02	-8.083027e+02
8.990000e+02	-8.105408e+02
9.000000e+02	-8.127505e+02
9.010000e+02	-8.149340e+02
9.020000e+02	-8.170932e+02
9.030000e+02	-8.192297e+02
9.040000e+02	-8.213453e+02
9.050000e+02	-8.234416e+02
9.060000e+02	-8.255199e+02
9.070000e+02	-8.275816e+02
9.080000e+02	-8.296280e+02
9.090000e+02	-8.316602e+02
9.100000e+02	-8.336793e+02
9.110000e+02	-8.356862e+02
9.120000e+02	-8.376820e+02
9.130000e+02	-8.396674e+02
9.140000e+02	-8.416433e+02
9.150000e+02	-8.436105e+02
9.160000e+02	-8.455696e+02
9.170000e+02	-8.475212e+02
9.180000e+02	-8.494660e+02
9.190000e+02	-8.514045e+02
9.200000e+02	-8.533372e+02
9.210000e+02	-8.552646e+02
9.220000e+02	-8.571871e+02
9.230000e+02	-8.591051e+02
9.240000e+02	-8.610189e+02
9.250000e+02	-8.629290e+02
9.260000e+02	-8.648356e+02
9.270000e+02	-8.667390e+02
9.280000e+02	-8.686395e+02
9.290000e+02	-8.705372e+02
9.300000e+02	-8.724324e+02
9.310000e+02	-8.743253e+02
9.320000e+02	-8.762160e+02
9.330000e+02	-8.781046e+02
9.340000e+02	-8.799913e+02
9.350000e+02	-8.818762e+02
9.360000e+02	-8.837594e+02
9.370000e+02	-8.856408e+02
9.380000e+02	-8.875207e+02
9.390000e+02	-8.893989e+02
9.400000e+02	-8.912755e+02
9.410000e+02	-8.931504e+02
9.420000e+02	-8.950237e+02
9.430000e+02	-8.968953e+02
9.440000e+02	-8.987652e+02
9.450000e+02	-9.006332e+02
9.460000e+02	-9.024992e+02
9.470000e+02	-9.043631e+02
9.480000e+02	-9.062248e+02
9.490000e+02	-9.080841e+02
9.500000e+02	-9.099409e+02
9.510000e+02	-9.117948e+02
9.520000e+02	-9.136457e+02
9.530000e+02	-9.154932e+02
9.540000e+02	-9.173373e+02
9.550000e+02	-9.191774e+02
9.560000e+02	-9.210132e+02
9.570000e+02	-9.228445e+02
9.580000e+02	-9.246707e+02
9.590000e+02	-9.264915e+02
9.600000e+02	-9.283063e+02
9.610000e+02	-9.301146e+02
9.620000e+02	-9.319159e+02
9.630000e+02	-9.337095e+02
9.640000e+02	-9.354948e+02
9.650000e+02	-9.372711e+02
9.660000e+02	-9.390377e+02
9.670000e+02	-9.407936e+02
9.680000e+02	-9.425380e+02
9.690000e+02	-9.442700e+02
9.700000e+02	-9.459886e+02
9.710000e+02	-9.476925e+02
9.720000e+02	-9.493807e+02
9.730000e+02	-9.510519e+02
9.740000e+02	-9.527047e+02
9.750000e+02	-9.543376e+02
9.760000e+02	-9.559490e+02
9.770000e+02	-9.575373e+02
9.780000e+02	-9.591006e+02
9.790000e+02	-9.606369e+02
9.800000e+02	-9.621442e+02
9.810000e+02	-9.636202e+02
9.820000e+02	-9.650624e+02
9.830000e+02	-9.664683e+02
9.840000e+02	-9.678351e+02
9.850000e+02	-9.691597e+02
9.860000e+02	-9.704389e+02
9.870000e+02	-9.716694e+02
9.880000e+02	-9.728472e+02
9.890000e+02	-9.739685e+02
9.900000e+02	-9.750290e+02
9.910000e+02	-9.760241e+02
9.920000e+02	-9.769488e+02
9.930000e+02	-9.777979e+02
9.940000e+02	-9.785656e+02
9.950000e+02	-9.792459e+02
9.960000e+02	-9.798322e+02
9.970000e+02	-9.803175e+02
9.980000e+02	-9.806942e+02
9.990000e+02	-9.809542e+02
1.000000e+03	-9.810889e+02
